256000
no norm:    
    0.3320    0.2608    0.2503    0.2810
    0.4275    0.2752    0.3137    0.3388
    0.3915    0.4229    0.3915    0.4020
    0.3588    0.3556    0.3523    0.3556
    0.3993    0.4118    0.4033    0.4048
    0.4549    0.4935    0.4641    0.4708

norm: power-l2
  0.3320    0.3333    0.3222    0.3292
  0.4275    0.3915    0.4039    0.4076
  0.4719    0.5105    0.4771    0.4865
  0.4209    0.4216    0.4444    0.4290
  0.4817    0.4974    0.4739    0.4843
  0.5712    0.5673    0.5719    0.5702

des_accs =

    0.3320    0.3333    0.3222    0.3292
    0.4196    0.3915    0.4039    0.4050
    0.4719    0.5105    0.4771    0.4865
    0.4209    0.4216    0.4444    0.4290
    0.4817    0.4974    0.4739    0.4843
    0.4614    0.5673    0.5719    0.5336


1000000 norm mbhx mbhy

    0.4163    0.4255    0.4373    0.4264
    0.4699    0.4895    0.4850    0.4815
    0.5118    0.5458    0.5373    0.5316

256000 norm mbhx mbhy
    0.4209    0.4216    0.4444    0.4290
    0.4817    0.4974    0.4739    0.4843
    0.5216    0.5327    0.5301    0.5281


power-l2
des_accs =

    0.4275    0.3915    0.4039    0.4076
    0.4719    0.5105    0.4771    0.4865
    0.4209    0.4216    0.4444    0.4290
    0.4817    0.4974    0.4739    0.4843
    0.5693    0.5824    0.5784    0.5767
des_accs =

    0.3320    0.3333    0.3222    0.3292
    0.4275    0.3915    0.4039    0.4076
    0.4719    0.5105    0.4771    0.4865
    0.4209    0.4216    0.4444    0.4290
    0.4817    0.4974    0.4739    0.4843
    0.5712    0.5673    0.5719    0.5702


l2:
    0.2935    0.2817    0.2771    0.2841
    0.3366    0.3124    0.3235    0.3242
    0.4118    0.4392    0.4020    0.4176
    0.3876    0.3686    0.3948    0.3837
    0.4307    0.4464    0.4464    0.4412
    0.5163    0.5242    0.5144    0.5183

#intra-l2
des_accs =

    0.3333    0.3255    0.3314    0.3301
    0.4346    0.3837    0.4052    0.4078
    0.4778    0.4856    0.4797    0.4810
    0.4235    0.4281    0.4392    0.4303
    0.4830    0.5039    0.4967    0.4946
    0.5902    0.5843    0.5837    0.5861

//
case 'Power-Intra-L2'
            X = sign(X).*sqrt(abs(X));
            X = normalizeL2(X);
            n = size(X,1);
            X = (normalizeIntra(X', ncomponent,n))';
des_accs =

    0.3333    0.3275    0.3327    0.3312
    0.4464    0.4150    0.4196    0.4270
    0.4922    0.4987    0.4869    0.4926
    0.4196    0.4301    0.4418    0.4305
    0.4817    0.4987    0.4961    0.4922
    0.5915    0.5843    0.5902    0.5887

des_accs =

    0.4464    0.4150    0.4196    0.4270
    0.4922    0.4987    0.4869    0.4926
    0.4196    0.4301    0.4418    0.4305
    0.4817    0.4987    0.4961    0.4922
    0.6013    0.5974    0.5928    0.5972

PCA and Whiten
des_accs =
    0.4255    0.4157    0.4111    0.4174
    0.4993    0.4961    0.5026    0.4993
    0.4203    0.4203    0.4255    0.4220
    0.4817    0.4961    0.4974    0.4917
    0.5869    0.5980    0.6020    0.5956
//
            X = sign(X).*sqrt(abs(X));
            n = size(X,1);
            X = (normalizeIntra(X', ncomponent,n))';
            X = normalizeL2(X);

des_accs =

    0.3294    0.3294    0.3340    0.3309
    0.4451    0.4131    0.4216    0.4266
    0.4908    0.4961    0.4922    0.4930
    0.4216    0.4288    0.4418    0.4307
    0.4817    0.4987    0.4954    0.4919
    0.5895    0.5837    0.5902    0.5878

//改正pos后的结果
RAN
des_accs =
    0.4235    0.3948    0.4183    0.4122
    0.5477    0.5190    0.5235    0.5301
    0.5889    0.5902    0.5876    0.5889
    0.5157    0.5092    0.4294    0.4847
    0.5614    0.5719    0.5471    0.5601
    0.6745    0.6771    0.6732    0.6749
RAN++

des_accs =

    0.3856    0.3556    0.3621    0.3678
    0.4333    0.3529    0.4092    0.3985
    0.5026    0.5327    0.5196    0.5183
    0.3510    0.3882    0.3235    0.3542
    0.4712    0.4203    0.3941    0.4285
    0.6046    0.5863    0.6039    0.5983

//对测试集ran,然后对所有的训练集+测试集再ran
des_accs =

    0.3608    0.3301    0.3523    0.3477
    0.3856    0.3516    0.3778    0.3717
    0.4523    0.4882    0.4908    0.4771
    0.3196    0.3810    0.3052    0.3353
    0.4484    0.4176    0.3601    0.4087
    0.6033    0.5830    0.5876    0.5913

des_accs =

    0.4242    0.3915    0.4176    0.4111
    0.5510    0.5190    0.5242    0.5314
    0.5902    0.5908    0.5902    0.5904
    0.5144    0.5092    0.4320    0.4852
    0.5588    0.5719    0.5477    0.5595
    0.6739    0.6752    0.6732    0.6741


pca+intra-l2+(x,y,t)
des_accs =

    0.4745    0.4549    0.4647    0.4647
    0.5190    0.5190    0.5144    0.5174
    0.4660    0.4712    0.4843    0.4739
    0.5314    0.5438    0.5379    0.5377
    0.6137    0.6157    0.6242    0.6179









 
  
  



