256000
no norm:    
    0.3320    0.2608    0.2503    0.2810
    0.4275    0.2752    0.3137    0.3388
    0.3915    0.4229    0.3915    0.4020
    0.3588    0.3556    0.3523    0.3556
    0.3993    0.4118    0.4033    0.4048
    0.4549    0.4935    0.4641    0.4708

norm:
  0.3320    0.3333    0.3222    0.3292
  0.4275    0.3915    0.4039    0.4076
  0.4719    0.5105    0.4771    0.4865
  0.4209    0.4216    0.4444    0.4290
  0.4817    0.4974    0.4739    0.4843
  0.5712    0.5673    0.5719    0.5702

1000000 norm mbhx mbhy

    0.4163    0.4255    0.4373    0.4264
    0.4699    0.4895    0.4850    0.4815
    0.5118    0.5458    0.5373    0.5316

256000 norm mbhx mbhy
    0.4209    0.4216    0.4444    0.4290
    0.4817    0.4974    0.4739    0.4843
    0.5216    0.5327    0.5301    0.5281



 
  
  



